30685
31014
18765
4207
28255
18818
10680
30620
23565
24175
29015
9532
7743
17200
3262
15534
23934
8021
14542
27029
20582
1994
25816
23534
30259
10385
29747
25052
15471
21549
28324
3211
10516
3702
3899
31940
19535
23654
18752
9410
21505
19111
22828
27479
15018
31349
20400
22241
22217
17643
9901
18115
14858
6553
10541
23324
15286
20380
14767
20504
3270
9403
31710
26990
29763
1029
8497
16128
16218
24172
9239
25446
25331
20207
15919
11937
27954
350
24962
15296
21446
28810
31458
10080
9042
3399
14837
16336
6760
15901
32704
20005
2442
27540
22188
19377
3067
18793
9701
24532
27590
11511
7461
30452
3707
23022
18732
8096
333
945
32734
25879
303
20633
32242
8081
3027
24504
14778
5428
16965
25594
27511
23298
27041
23073
22470
16087
21804
27320
23565
2939
24418
19510
11691
15377
1222
30452
7869
5448
25534
24995
7344
2607
12843
23840
31196
29206
2364
26741
